SUB LE GALGUL DE LA RP'JFRACTION DIFFssRENTOELLE. 37

 

 

 

 

 

 

 

Table 1.
[Formules (51)]
,¹ 17 1 --ῄ-
. 1οὲ1ἕζ βο 111 Ρ170 Ι Diff. ’1 51110 Diff.
y 1 i!
- 00 1 460‘309 - 0''‚0 1 1 ÷ 0‚000000
8,0 11 6009 00 2 0 1
8,5 3 6009 0‚0 1 1 0 s
9‚0 ¹ ÷ 6009 j 0,3 J ᾖ O 2 ’7 ÷ 0000003 ἲ 1 2
9‚1 11 09 05 1 012 1 5 2
9,2 1 09 07 1 Ο’5 7 1 5
9,3 ³ 09 1,2 0⁷7 12 3 5
9,4 3¹ 08 1‚9 1’1 1 18 1 10
9‚5 1 08 3,0 3 1³8 28 1 18 ³
9,6 08 4,8 1 2’7 1 46 l 27 ἵ
07 07 7,5 1 4’4 73 5 42
9‚8 1 06 11,9 7⁵0 115 53
9‚9 ἶ, 04 18,9 1οΞ9 183 ξ 10ss
1
000 ἐ ÷ 6001 - 208 - 14 11 ÷ 0000289 1 1 11 1
01 00 31,2 1 1’5 1 303 1 14 1
02 J 6000 327 1’5 1 317 s 15 2
03 11 5099 342 , 1’6 332 16
04 99 35,8 1 1⁷7 348 16
05 98 37,5 ἢ 1’8 3 364 1 17
06 1 98 303 1 1’2 11 381 1 18 1
07 1 97 41,1 l’q 1 399 1 19 ’
08 11 97 43‚0 21 1 418 1 20
09 96 45,1 1 2ζ1 s 438 i 20
1, Η
0,10 4 5096 - 47,2 J — 2 2 1 † 0000458 2 ÷ 21
11 g 95 49,4 ¹ 2'3 479 23
12 ¹ 94 s 51,7 ¹ 0'4 502 1 23
13 94 ¹5 54‚1 3⁷5 „ 525 24
14 93 56,ss ,3⁵7 J} 549 26
15 92 503 j {5 11 575 1 27
16 91 62,1 0³9 602 1 28
17 s 91 65,0 {0 ξ 630 30
18 1 90 680 1 3⁷„ 660 31
19 ¹ 89 71,2 J ΒΕ J* 691 32
¹ 11
020 ¹ ÷ 59‚88 1 - 74,5 ’ - ,1 5 ¹¹ ÷ 0000723 ÷ 34
21 j, 87 3} 78,0 3'0 757 35
22 1 86 ,1 81,6 3¹8 , 792 37
23 1 85 ¹ 85,4 11) 1 829 33
24 84 A 89,4 , 4¹2 ¹ 867 40 Ι
25 1 82 93,6 1 4⁷3 907 43
26 1 81 l 97,9 4⁷5 950 1 45
27 1 80 1 102,4 4⁷8 995 43
28 1 79 1 107,2 „³0 1041 43
29 y 77 1 112,2 1 ἓ2 l] 1089 3 51

 

