SUR LE CALCUL DE LA REFRACTION DIFFERENTOELLE. 43

Table XIII.
[Formules (59) et (64)]

 

v Ἰ
J log fg ζ ξ PU ἱ SM PM) S1,5
1 1 1

1 1 1 ’ 1

- 00 ¹ ÷ 000 - 00000000 ¹ - 000 4 00000000 ¹

90 000 00000000 000 00000000 ’
9‚1 00 0 00 0
9,2 00 0 00 0
9,3 00 0 00 0
9,4 01 1 00 0
9,5 01 1 00 0
9,6 02 2 01 0
9,7 03 3 01 1
90 05 5 02 1
9 9 07 7 03 2
000 0,12 00000012 004 00000004
01 12 12 04 4
02 13 13 04 4
03 14 14 04 4
04 14 14 05 4
05 15 15 05 5
06 15 15 05 5
07 16 16 05 5
08 · 17 16 06 5
09 18 17 06 6
0,10 0,19 00000015 006 00000006
11 20 ¹ 19 06 6
12 20 20 07 7
13 21 21 07 7
14 22 22 07 7
15 ’ 23 23 03 5
16 25 24 05 5
17 26 25 05 5
18 27 27 09 9
19 ¹ 26 25 09 9
0920 0‚30 00000029 0,10 00000010
21 31 31 10 10
22 32 32 11 11
23 34 33 11 11
24 35 34 12 12
25 36 35 12 12
26 37 36 13 13
27 39 35 14 13
26 Ῑ 40 39 15 14

29 A 42 41 15 15 ,

