050555 50 ᾪζ 50 Χο0555 550 00000051 5550555 50 os01g 50555 0550 §zzz-93
&filmoAU 550 550 05 ,(00 555000551 0555 50 000 50 050οᾸ [g 50 550555 5505004558
,505 Χο0555 50555050 0555 97, 5505005555 wssj‘ogodomlmV 555 055525οΗ 5) ‘Jodd
50 05505505550500 0555 05 3555050000 50555 0055055550555 055 05 0οΛ50000 0050 55
5505500555500 05555 555 ’5555550 5550005ςί 0555 550555 Χο0555 503505 0 055055 ἐι0555050
0550505550551 0555 50 0 035 0550 ι0555050 0500515] 0555 50 555005 5550550 50555
50050555 555055 50050 s! *00550505550 05555 05 5505500550 055 05550550 wiffam
moffi 055 5055555 ’05055510005505500 055505 550555 05055510οᾹ5500555 0555 05 5050055
5055550555(ιο 0055050 0550 055055550055000555 05 55555555οι50 5550 το5055510055000555
0555 50 ,5005055 0555 ,50055 055551) 0050 55 “055055(Ιο005505500 555055 050 00050555
000555 0555555 5 05 g 555055 A‘q *055505 0555 555 0050000551 ”00050555 03050550
0555 0555 ,0000οΧ0 (zu-33) 55555555050 5550 50 Χο0555 55500050-55535505 0555

’55535055 0805
amm 550555 550555 5055505 Ᾱ5550500505500555 5055 05 55535055 055 0005505555 ‘sdnoffi
555055 505 00050,κο 0555 00000κο “domum-gp 0050500055 055 ’0555000555
5050οιιῇ 55550Ι 555 *pun 5555550 5550 50 0550551 505550255055 0555 555 00550505555550550
0555 0550 55535505 0555 50555 050555 05 00οἓξί ,5055555555 050505 0555 ’Χ555055055055
550500ος 50 s} 5555555505.) 5550 50555 5555500 05 005500 055 ‘esea Α’550 555 *sn &Affi-
055555 055505550555000555 500500505105555550 055555 ’5005ιέ Δ(5οΛ su 00050305 055
5055 505055οᾒ 555 5500 *505505 000555 50 0055505 5500555 0555 555055 055055054500
0555 50555 0550 *55555050 55050οΑ555 50 55055055οΛ 50 05555555 0555 555555555 ς550555ἶο’0
-xo 5550555555 ’5505 5555500 00550οχ00005 555 5550005551 5555555505.) 0555 50 05550555
-0555000555 0555 50555 “055505 0555 555055 55000 oq 55555 55 5000551 50555 0555 555

’0515505ῗο 5050500 0555 55555550 00555οΛ 505555555555 0550 Ι0055Χο555
0555 055505 0555 555 00505051500555 0050 050 050555 “00555οΛ 5500555 0555 00050
-οξ5 ’05555055051005 55005555 5550 5 00555οΛ 5500555 0555 50 5505505550500 0555 5οᾹ
'sta xgpuevddv 550 qum> ff. ‘nub-222& fflyxmtg 55550550 >pon 0555 555 055525οΗ ‘9
Α(55 0055550000 0550 0050000555 “5500οΛ5ς 50 055051 5550505550 555055 0030 55055
0550 02550555 “055050 055550 0055053 555055 acm 055550000555 50 0555050 09
055500 0055505 0555 555 0005550555 05055 5 ’05555 00050οξ5 ·05005ΙΑ] 555 5550005555
5005555050550 0555 555 5055050555 50555050 0555 50 0550550355005555 00550555555515555
5οᾸ 00 “·.“3555550005-505 000555 0055 055555 ’ΝΜΧΞἹἹᾟᾹ ’9 050550055οω55 0555 05
0550 050 0>5550555 Δ(555 05555550 000555 50 055505550555000555 0555 5οᾹ ’005555555οο
,0555000οι551 Α’50505005555555 0555 0550 0055555 [mo 005500550055553 05 >50055 0500
055555 ’50555555555 555 305 “emmo ‹3531qu :xluuuoo 55535 0555 50 00050 0555
005550 00055 550055 5055 05055 55055555 “0500([5] 555 000055ἶ 50555555 050 555055 0550
50500555οᾒ 0555 555055 0555050 050555 50 550550055Οο 0 *00055ἷ 50555 0555 555 “550055
-05155500 05555 505 5055050555 00 ι55000550 05055 5 5555 0505οὡ 003) ’505055οΒ
555 0555050 55050οΛκὸ5 50 0550 5505500551) 555 55555555050 0555 50 055505550555000555

L‘f· †)HoaN[÷[(151-ng :Io SNIVJOEH VIVAEHOJQ HHL

