— 6166 66 66 6161 616 1166) 1166 61
66 6166 661 ζ661 6161 6661 111 6166 66
61 116 616 11116 61111 66 61 ς61 6116 661
116 6161 6661 66 161 6116 616
161 6166 61 ι6616 61661 6661 16
61 161 166 66 “
66 16 616 661 1 66 6166 61
661 05 6 66 616 116 1166 66
616 k L5 L 166 6661 161 6166 661
6661 1 111 11116 11161 66 66 161 1161 616 “

050 5‘051 0001 66

LO
60
51
61
6116

κ--ι

90
80
51
ql
Ll‘o

61 11 1116 61 ,
66 11 6166 66 ῑ 66 6111 61
661 55 0‘L5 001 61 6161 66
616 416 6116 61661 6166 661
1 6661 61 166 6166 6661 66 1166 616. 1
116 61661 66 66 6616 61661 6661 66 ι

m 16169κὴφο 611κ-«ικ1κ1
εἴ es 656516Θῖ 0⁶17] «ἑὸ-Γ
cc> 6061916161 6061616161

60 ί ΟΟῙ .
11 1‘85 015: 01 Δῖῡῑ 01 51¹ (Σῖεὲ 915.
01⁴0 8 951 0001 L1 11 O 05 ΞΕ LI Ο 8 59²1 0001 S&

31 6116 61 6616
15 166 66
6616 ‘3⁴8'

66

.1111 6661 16 61 6116 616

11 6166 6 61 gf
P 6116 61661 6661 16
1

{3 616 66 6116 661
ζ
1

(11 661 61 -
61 6161 66 61 6166 616

116 6 1111 6161 661 66116 61161 6661 66
66 1111 61 11 6161 616
51 6161 66 6116 6111616661 66 61 1111 616
91 1161 661 6116 6161116661 66
61 6161 616 - 6111 61
166 61111 6661 61 61 611 66 ἡ 1111 661
61 151 001 61 6161 616·
- 6166 661 61 161 616 6611111611 6661 161
6116 61661 6661 11 6616 11611 6661 66

1 66 1166 616
80 6166 661 16 ,1111 61 6616 11161 6661 s 55
01‘0 11611 6661 61 66 ζ66166 ¹

61 661 661 6116 61111 6661 66
66 6166 661 61 661 616 g
1116 11661 6661 61 6116 1111 0001 16 61 61161 616 1
6116 61661 6661 Δ 16
66 1161 61 11
61 6161 66 61
61 1161 661 11

61
66 ¹ ᾼ 1111 1 66
661 61 6116 616 ¹
616 11 6166 661
s 0001 55: 161 616 6661

1116161111 66 66 ÷

 

16 1111 616, 16
11616 6166116661 11 11616

mmmmm

16 ’1111 ι61 -
61 6161 ι66.

0110 ἲ17611 ; (361 ΔῘ6116

051 161 6111 66 k
6661 66 6616 6711661 616 1

111111

16Ἷ6 QQQQQ
10 [N

Ξ

κ-ῊΨἨῖ-Ῑ( (ΞΙΘῙΓΝΘῙΘῘ

Ξ ·—(
Ξ —‹
ex*

Οἵ

 

 

1
Θ1111111 ξ

 

 

 

 

 

 

1 1 111661] 71 ι *dxeffl
11 1 “c *affluo 1611016111 (J 1

66111 1, 01101'51 Q ἵ 1 ’116ῡὸ1)
ἶ ,ι G 1 , „ 11 66.111(] ζ

0<

 

‘mvmsmmg NHOESQ‘ ⁴ 05

