Semnum ZUR LEHRE VON 6111Υ KOLLOIDEN LQSUNGEN. 97

Faktor 11681 111 (1611 Β66111]8616111111111166611 (161 Luft in wasser. -]6(16
1111611118 6111111111 ja 61116 1116111 1111116(16111611(16 Μ61186 Luft 861061, (11161161
nun »(116 Ρ11111811611 (161 Ε111661811611, Luft zu absorbieren, 86116111111611
1116111 111 (1611166111611 11161666 Ζ111111111111, 1116 das volumen 61611 1611168611,
0(161 (111 616 1111161 [ῗ111611111ᾶ61] 11111111111111, 1161111 (116 0011661111611011 111161161,
60 161 (116 Μί66111111661811611 11111111116111111 1111611 (16111 Ζ1161111111161181666611
111161 Τ6116 111 (161 1316861 1111 61160111161161 Luft fibersffltigt.» 5016116 [Ther-
6ἤ11-1811118611 werden 6- 1116 13616111616 11111 1111(161611 (3611161611 16111611 -
1616111 durch 11161116 16616 Κϋ1Ῥ6Γ, (116 als Kondensafionskeime 111111611,
6116861661. STARK 26181 (1111611 6111186 11111110611011166116 13601111611111118611,
dass (116 ἣ11686661116ᾶ611611 Ε10611611 611161 1101101(1611 [10611118 in (161 Τ111
mit 1116111611 6116616661] 1)6(166111 6111(1. »13111611 (116 13111111118 1011 [11111-
161116611611 an (1611 6116Ρ611ᾶ1611611 Τ611611611 116111111611 (11666 in· Β6116811118;
6111(1 616 66111 1116111, 60 116811111611 616, 1011 (1611 Β111161116(·11611 8611111111, 60-
gal* langsaln zu 61618611. Da 1611161 1111 161661116(1611611 51611611 (161 01161-
11116116 (161 111111111116611611 11111111116111111 1111611 (1611 Ζ1161111111161181666611 (161
21161 Μ166111116116 6161161 1116111 (116 81616116 0011661111611011 1111(1(111111111
1116111 (116 81616116 01161111161]61161111111111118 1161166111, 60 1161611 11116111611111186-
616611611111118611 1111 (161 Β11166116601)6111116116 11111, (111(1111611 111111 (116 111161161-
1168611(16 Ρ111661811611.6Ρ111116 6611111111, (1611 in 1111 611611611111611611 Τ11611611611
111 11111116111111861 136116811118 1111611 (16111 131116611611 11111861111111111. 111(16111
111161 (116 61161]611(11611611 Τ11611611611 11111 (116 11118686116116 1116166 111 136116-
811118 8616111611 1111(1 61611 86861161111111(161 16166111611611, 1168681161] 616 61611
1111(1 1111611 (16111 Ζ11661111116111161161] 1116111611 6111116(161 616 6611161 (1(161 (116
von 11111611 861111861161] Luftbffisohen 1111 Verband 611166 1116111611 141111611-
6116116 111161111111(161 1111111611, 0(161 616 11611161] 111 (161 (1116111116116 611166 11116
111611161611 1116111611 131116611611 61611 1)11(1611(1611 8106661611 1311166116116 166186-
halben. Diesel‘ 1161611118111186101811118 1116(161·11011 61611 Ζ1116611611 (16111
ΡΙό611611611 111111 einzelnen Τ11611611611 111 161611111116111 Μ11116, 111111 1116111111611
werden 111111161 81066616 Ρ10611611 8611111161.» Den [Τ111611111(1, (11166 11111·
Ε16111,101)’16 110118111161611(1 111111611, 1116111 111161 Ν16111161161 1116 0181111166116
5111161611Ζ611, 6116111 61 (1111611 Υ611111(16111118611 (161 (11161111161161161111111111118
1111(1 1111161611 1161111168 zu 6111111166. »161 111111111611 (116 5116111111118 111 (161
1111661861] (11611211116116 611166 Β1111611166116116 8611118, 6616166166 616111616111
1011 66111611] 1661611 Τ111861 106, 1111111161] 1116 61611 110111 6111 ΧΥ11666111011-
1611, 011116 Ζ11 261111666611, 11111 86])1111611611 5611116161 168611111661, (111868611
1116111 6111 ΑΠ101101 - oder Ᾰ11161110111611.»

131666 6011(16111616 »Lustblasenfloeorie»7 (161611 [1111111111661161111161]-
11611 661101] 11111 111116 (166 (1111111116 86611111111611611 1360111161111111861111116111116

Nova Acta neg. 566. 56. Ups. Ser. IV. vol. ΙΙ. N. Ι. Imp. ¹⁴f11 1907. Ῑ3

