SUR LES COURANTS LES PLUS EAS DE L'ATMOSPHERE. 35

Ταῖ). 22. Saite.

Ηυξ-11188 Gradient Vent Angle du vent Di ff'-
Vitesse Direetion avec le adi ent renee
Paro Tour Parc Tour Pare. gl·¹I'om
Sis-Maur Eiffel Sss-Maur Eiffel St- Μ3 3111 El ffe l

Graclient vers SW

7h 104 8 3709 W 101 9.19 Ε 9901 Ν Ε 909 8 9300 5500 3900
9 7 381 109 709 961 Ε 03 Ν 958 516 958
19 · 7385 196 613 914 Ε 198 301 534 933
15 7389 136 694 915 Ε 19 Ν 996 499 ’196
18 7399 101 748 908 Ε 03 8 940 511 971
91 7396 085 905 314 76 190 580 390
94 7399 084 810 337 147 164 648 484
1 7 400 097 413 87
3 7 409 7088 667 7 399 140 99 638 539
4 7404 083 399 ’ 10 4
6· 7406 091 604 369 13 7 195 631 506
7 100 407 091 709 987 11. 9 906 619 406
ΜΟ 1711 109 8 393 W 096 819 Ε 989Ν Ε 6. 8 8 918 575 357
y· 1 jour 109 704 987 64 990 571 351
&radient vers S
7h 1.11 S 004 Ε 145 770 Ν 3909 Ε Ε 3106 Ν 3900 58. 8 199
9 706 141 086 491 359 497 554 197
19 708 187 700 434 368 449 54 0 98
15 711 189 757 491 436 439 47. 5 43
18 714 156 866 369 491 376 49 3 11 A
91 717 148 1069 394 391 341 596 1S 5
94 71 9 143 1039 391 319 340 600 960
1 790 149 339 359
3 799 7135 949 7399 300 344 69. 9 978
4 793 131 314 337
6 795 137 841 303 939 398 63. 6 308
7 108 96 144 813 359 999 37. 8 634 956
ΜΟ 17¹1 1.10 S 15Ε 144 799 Ν379Ε Ε303Ν 387 619 995
y· ι] our 154 857 360 358 38 4 557 173
&radient vers SE ’
7h 108 S 4003Ε 146 753 Ν 1900 Ε Ν 1606 Ε 5903 5609 406
9 7403 156 703 159 173 569 576 14
19 7403 189 741 168 151 571 554 - 17
15 γ7 409 195 896 164 133 566 535 4 31
18 7409 187 937 148 16 8 550 570 90
91 7409 144 1144 154 19 9 556 601 45
94 7409 179 1048 139 99. 7 541 699 88
1 7409 179 145 547
3 7401 7154 957 7148 94. ⁰ 549 643 94
4 7401 145 150 551
6 7401 168 839 159 99 ,8 553 69 9 76
7 105 401 151 098 134 194 535 595 60
Μ 17¹³ 108 8 409 Ε 148 7 95 Ν 19 7 Ε Ν 180 Ε 599 589 53
oy ljom 170 877 154 193 556 595 30

