SYNTHESE Du FER Mmssmumm. 15

166661111116 (1116 1011 11611; 111 611066 666611116116. 6’661 (1116 166 11016 6011-
611111111116 11111161111111Χ -- 16 11111116» (16 ΗΕ16ΗΕΝΒΑῡΗ - (1111 616, 161110-
(111116; (16 111116, 111 6110611116 061116(111(1116 661 1116116 1“1 16601111111116 111. 6.
(111116 111, fig. 7).

Essais de renuit de l'alliaqe 2.

En 1116 servant (16 66 161 111616011(1116 6)*11111(ἰ11(1116. j'ai 6Χ661116
quelques 6661116 (16 1661111 ayant (16 11616161 110111 66 (1111 661 (16 1’6Χ116-
1111106 (111 dmg-ramme OSMOND-ROOZEBOOM.

l. Un 1661111 (16 20 11611166 (four 6166111(1116 Heraeus) 11 3-19 11 80,
6661-11-(1116 611-(16660116 (111 (10111111116 7. 11 611 1166 11611 (11111111611663 ab·
601111116111 11116 (16 ἶ6,·111111111111011 (166 6611111111110116 11111171111166η· 166 1111111611166
(16 111611116 11111111666111 avoir 1111 11611 (1101111116, 66 (1111 111(11(1116 (11161166 (1111
616 111111161161116111 (1166011166. Cela 661 611 11660111 111-66 16 (1111941111111116,
(111 111 60111116 (16 601111111116 EE' 11101116 1616 111 (110116 (Fig. 1. 11. ⁴5>-

2. L'n 1661111 (16 12 11611166 11 111 11161116 16111116161111·6 (16 350Ο
environ 11, 6361616601. 611 1166 11611 (1’111111161166; 111 1111611116 1711111111 6116
6116016 1111 11611 11101116 11110110111116, (’“661-1’1-(1116 111111161161116111 (1166011111.
Μ1116 66 (1111 661 capital: fl nst] a abs-omnent pas· (lv fflmmlatson (voir 111
fig. 9: 100 diam: 111 11611616 (16 66 111101061111111116 11’111111111111“1 (1116 1116-
(1106167 11 6111166 (16 fast-aque 111(11011,(;(’·6; 16 1111111116 1116 1161606061 (1116
cela 116 1611111 11116 111111111111116 (16 10111161. 11 111111 16111111111161 (1116 42
11611166 11 3500 661 1111 6610111 fres· masida}vbis, 111116(1116 le temps· toral,
suffisant aux transformatione (10111 11 61110511,1 11611111 (1116 00 11611166.

Nous 601161110116, (16 11 61 21, (1116 111 161111161611116 11111116,111(11(11166
pal· M. OSMOXD 11 3000. 116 116111 11116 6116 6111166 611-(16660116 (16 :3500 611-
111011, 111111161116111Ἰ 11116 grauulatiou 66 6611111 1110110116.

3. [fn 1661111 (16 3 11611166 6611161116111. 11 111 1611111611111116 (16 4900,
c'est-a-dfzssw (16116 le domama y, 11 produit 1111 6111111661116111, 1166 1101111116
(fig. 102 100 (1111111.); 11116 ‚csrfmzclation 1166 116116 661 111166 611 61106066,
11111 16111161111011 (16 1011116 1106 111(111011666; 166 grains 10111166 60111 assez
1161116 (on 611 voit Γ) 11 111 fig. lm. 11 661 1111616666111 (16 voi]- (1116 666
1101111611οΧ 1011116, (111116 1011116 1111011016, 1111666111 11111166 611(11“0116166
111116 1161166 611 11160116. 111(11(11166 dans 66 (1111 1111366116 601111116 6111111 166
intem-tices 611116 1661 (1601111166 111-66Χ1611111166ι sse 611111 1111 summm· lies( ces·

