111001110110 1101101 011101110111000111 01 10101 0011101 010111011011111 2101011011
“11οΝ 11131101-111011 01001110111110 0100000000113 1000011101 01 1113110 0101
-010111 11011111 41100101110 01 ’11110 1191 10 011101 0 4111011100 1100000 0111 111
’ 00111311 0111 110 10 0301010 0111 3111110111 ’0110 0391 00113 01110 01000 0111
10 011011 1131111 0111 0111111 ’1010 0591 11110 10 11131101-111011 110101110100 0
00113 4000010111 101 4011101111111 1101 011111 ’001101110100 0111 101 010011 0111 00
1101101 01 101110110 10 011011 0110 1011101111 01 3011110000 4100101111) 1101 010.
11131101-111011 0111 101 00111311 0111 10111 ’Π 'qum 111011 10011110 01 11
’0011001111 01111 01000 1100 0011101 0100010111(Ιο 11110 0011100 10
11110 410013 111οΛ 00 1011 40000 [(00 111 401 001110011 0001101011 1110101111) 0111
1100111001 01101110110111 11111011 0111 10 1111011011) 0111 10111 0011οΛ100110 0111
111111 0011001110 10011100 1011111 1100 40011101 0001111000οΝ 001111 110011 1101
101110 011 400001 ..101110 10 00011031100101 101111110 100 00000011 1011 011 011
001110 4101011011 00110113 10 000111 01 1100110011Οο 111111 00110111 01011111ος
10 110111 0111 10 0001110110111 11111011 0111 10111 1101101 1011 00011 1111101
-100 11 10111 1111011 0111 01 11011110110 1100 01 1001011100 011 01 1113110 11 11111
4111011110 001100110010 10011110 Α<110 101 000111 0111 1011 01 001011011 “sup
ῑο1101101110100 0100011000οΝ 01 011001 011 11131111 000110οξ010 [0101ος
’11101100 010111 11110 011 01 ὂ0011100 10 41113110 1111001 0111 410111111111111
01000 0111 10 0011110011Χο 0111 10 0011011 0111 10 100111 0111 111011 10001 10
,10 110 01011 00010010000 0000 11011) 01 11101111011110 0011 0110 1101111 11111).
4-100 g 1110110 Α(1110 01 0111110100 Ἢῐ1111100011111 01 3011110000 “0001101110100
00011111110110 01110110111011111 0011011 1011111111101 0111 10 0100111011100010 0111
111011 110 11001 11100111) 011 1100 111010011100001 11000110010-1001 0111 11011111 111
00111011111100 1100 “Ᾱ1)011 011100 0111 10 1113001 0111 11110 0011110011Χο 0111 10
0011011 011110 [1130010111 1100111011 0001110110111 0111 110101110100 4000111 10 zr-
fflffmog Ἤ ·1([ 111 011010 “00011100 10 010010011100001 10 010011 0111 110 0011
10111110 0111111 ’1101001 :1 0110101000οΝ 01 3011110000 110101110100 41101111
-00 10111 0111 01 00111311 0111013011111011001100 1113001-111011 0111 10 0011101
011101001οο0 011101 01000 0111 111 01011100 1100000 0111 ’0111010011100001
1001010 31111101 0111 0101000 01 0011111000 0 111 1011 0011 10100101 1101
0111 ’Π ’11οὡ 10 1111111100 10111 0111 111 1101001100 010 1100101110 01111001 01111
’001101 01011 0011011 0111 10 0001000001) 11131101 0111 Α’100 1100001 11011111
,101 4011110110 0100000000113 01 00 110110111101111 3111113 01 11011 0 111111
1101011110οο 11101110 01011 41111100 0111 10 0011031100101 0111 111111 0011000000
111 011010 4001100011Χο 0111 10 000011 0111 10 010010011100001 011111
’1101010110 0111 111 011011010110 011110
-11 100 0011110111 1111100 11011111 00000111 1110 111011 1101011110 31111011 01011011
-110110115 ’11111011οΗ 10 01001001010 Δ600 4110011 1 00 101 00 4101Χο 010111 01)

2101100111οΗ ·Λ Τ ζῇ

