Sommaire.

Des 655315 (16 5111111656 (111 161 1116160131116 0111 616131151131
ΡΑΒΑΒΑΥ, DAUBRJ'AE. MEUNOER. SORBY 61 (13111165 savants, 53115 165111-
131 11051111. 11 13111 61161 10111 5116613161116111 165 travaux experimen-
1311Χ (16 ΜΜ. FRAENKEL 61 TAMMANN 11908), (1111 0111 616 311161165 3
contester 1’6Χ361,1111(16 (16 13 11160116 (1651615 111616011(11165 613111161131
M. OSMOND (et ROOZEBOOM) (1904).

Cependanf„ 66116 11160116 a Servi (16 gnide (13115 165 (’·111(165 syn-
111611(11165 131165 1131 1’31116111, 3166 (165 1651111315 1165 53115131531115. On
3 considere qu'il y avait 11311111 165 (11165110115 13113611665 3 66111011161116,
16 111115 grand 11116161 3 6116161161 3 16311561 13 5511111656 (16 13 ples-site,
(1111 651 561011 13 11160116 OSMoxo-ROOZEBOOM 1111 aggregat 6316610316 (113-
11136116 -1- 13611116) (165 1615 111616011111165. 111315 (1111 1131311 ,13111315 616
0111611116 (13115 165 31113665 1611651165. Ρο111 13 5111111656, 011 5651 servi
(16 13 11161110(16 3111111111011161111111116 110111 1116113161 1111 3111386 3 11,τ“)]ι1 (16
11161161 61 011 3 1311 1611·01(111· 11651611161116111ι anx 1135565 1611111613111165
(60111116 2, fig. 3„ 11. 12) 1131 16 moyen 1165 simple (1111 601151516 3, 611-
1011161 16 61611561, 111366 (13115 1111 10111 3 6011611111. 2, 11. 11) d'une
60116116 61131556 (16 kieselguln:

On 3 311151 obtenu 11116 111655116 1165 3110111131116 (fig. 4 61 5) (1111
165561111116 d'une 1113111616 1165 11131111166 3 66116 (165 1615 11161601101165,
10111 5116613161116111 (111 161 Ν’(Ϊ101116)’1113 (10111116 16 15 juin 1900), (10111 13
13611116 651 56115111161116111 1(161111(1116 3 66116 (16 13 5)’11111656 (fig. 8). 011
3 683161116111 trouve 11116 51111611116 06136(111(1116 11511116 3 10611 1111 (Fig.
6 (3 (113111), 61 7), 61 165561111113111 3 661165 (165 06136(111165 aux 13-
11161165 1165 111165. On 3 (10116 1631156 13 5311111656 d'nn 161 octaedriqm»
(alliage 2).

En 111611313111 1111 3111336 3 6,τ 0f0 (16 nic-ke] 61 611 161101(11553111
6116016 111115 1611161116111 (60111116 3, fig. 3, 11. 12), 011 3 1311 13 5311111656
(1’1111 161 1161161116111 cubz'qzce (fig. 13).

Des 655315 (16 1661111 61166316 avec l'alliage 2, (1111 111656111311 (165
grains uniformes de 2‚0 >< 2,,-1 6111 environ, 0111 (1011116, 011 110111 1135

Nova Aeta Reg. Soc. Se. Ups. Ser. 4. Vol. 2. N. 10. Impr. ²²» 12 1910. 4

