44 &STEN BERGSTRAND‚

Table XIII (suite)

 

Ξ 1Οὲ ῖὲἱζ 1 ΡΜ 1 313 PM» 8111,

 

 

 

¹ 1 ’1 1
1 636 1 41144 1-66666643 -1116 1-66666615
1 31 1 47 46 16 ; 16
33 1 49 1 43 , 17 1 16
33 53 1 51 13 17
34 55 , 53 13 13
35 57 1 56 19 19
36 66 1 53 36 36
37 63 61 31 36
33 66 64 1 33 ’ 31
39 69 67 33 33
040 ’ 072 66666676 634 1 66666633
41 1 75 ’ 73 35 1 34
43 1 79 77 36 1 36
43 ’ 33 36 37 37
44 36 1 34 39 33
1 45 1 91 1 33 1 36 30
1 46 (196 1 93 1 33 1 31
¹ 47 1 100 1 97 33 3 33 1
43 1 05 1 163 35 33
49 1 16 1 167 1 36 1 35
1 1 1 1 1
656 3 115 1 66666113 633 66666637 ἶ
51 ¹ 36 1 113 46 1 39
53 1 36 133 ’ 43 ’ 41
53 , 33 1 139 ; 44 43
54 33 ¹ 136 46 1 45
55 1 45 1 143 43 ¹ 47
56 53 1 156 1 56 1 49
57 1 66 157 1 53 53
1 53 1 63 1 164 ³ 55 54
1 59 76 1 173 57 ¹ 56
’ 1
666 134 66666136 1 666 66666653 1
61 193 139 ¹ 63 1 61
63 1 363 193 ¹ 65 64
63 1 13 3 363 63 66
64 33 1 313 71 69
65 ’ 33 333 , 74 1 73
66 1 43 1 339 77 1 76
1 67 ’54 1 356 1 31 3 79
63 1 65 1 366 34 1 33
69 1 77 1 373 1 33 36
¹ 1
676 396 ’ 66666335 ’ 691 66666696 1
71 364 399 1 666 1 94
73 1 13 1 313 ¹ LOO 1 93 1
73 33 1 337 65 ’ 163 1
74 47 343 , 69 1 167
75 , 63 , 353 ’ 14 1 111

 

