’110141001111110 U 1401101 ,104 4401111110 0401014111 1143014)οω
-xo 4401). 4000140011), uu Δ1411104400 quq Ἃ)000011110114,1 ’1011014144 40 411144 01
440140 004 4004 400411 0110114101οο 011 “ossum 40 *0014 4110111004011 01144 114
’0.1000 4400014110111 01100004 0144 404 “0410444011 0144 40 0111001 10044 0040004010)
4096140 11401114040111000 004 04 0014011441). 00 4011000 011401 1111101004) 011 40144
0041). ῗο000111000411ς 40 0410444011 ,8111401Χο 004 pm). 0111111040 004 1100111400
0401Χο 400111004ᾗῆ)1 0401).)44011104 1). 4004 4411004 0144 41040011 011144 0111114 ’401114
4104011440000040144110 40 111011 400414) 111 4104001104 0411 Α(0144 sn ’011 040400
1101111040 004 40 0404004130.) 41)..)1111011001οΛῚ411 0144 40 110140514001101 41114
’001110οἒ 01 441100 0144 41044 0014111000
-013 0144 4010044000 4011 0004) “11’4141>.04 P. 11004 1101011441 tu} 040111 &uoq 01).
ι00000404 0144 40 011000 0144 04 40011004 111 “041134440(1 0144 put). 1110111040 0144
00011400 ‘mg—89 ’(111) 04 populu? fiAoqss 21011011040014) 0144 41104 01110140 01144
“0411ε4440(1 0144 111044 0011041103 40004 0144 40004111 44111). ‘A'quo 04110111041100010
[0011004000 0144 40 114014 004 04111 410440410111 040111 14010111 4000 0144 40
0441311000044011104 03110400 4100140404 0144 01). ,11οΝ ’0410444011 0144 40 400111
40004 qe 04111140011100430 poof& ,100404 v, 041000 44 011041), 1011111040 0144 40
00140011001 111), 40440 001εο 0144 00 04 0001111110 41411011 0110 0004 4104401211
040111 pue 0011040104) 1145600440 040111 1400111 0400111111 4400140404 0144 40110 01114
-01144000004 4110 110 4004 4)οΖ1010411010 Α(4401001100 00 41411000 44 ’0410444011
0144 40 40401100 1100111400 00004 00144 4040043 011 oq 04 100001 0000040440)
0144 0000 Rue 111 ιΑἶιο400401400 4004144 011 1101111 44014004 eq ,11101 04113444οι1
0144 pun 40110 0144 1100111400 ι(4141010110 0144 0400110011 1111011 000144 114
’041101 004 40 0001440110411 0144
111 1004ῧο4) 400004 P. 111 0811014441). “00411 qum ς04014000-ολἰο 0144 40 ,1041100
pm} 00011 0144 40 4004 0144 “01101.“ὅο4 4040111004 pue pueqffloq 0144 “a '! 041311
4011110 041 40 00004 1100100000 400111 “00014401104(1 4101004 0144 40 4001000430
0144111 ,140400 pun quoqm quq ς’040 ιὲἆο1000444-411εο “0.110404οΑ’0 414411001
41111). sexo 40 0410404) 04001404) 0144 04 04ρῖ304 041111 0410444011 0144 41111)Ι 4000
0144 00041400 0001001110004 004 111 4011 “0041100 40 Α0014 400411 014444 ·00014
00111) 000144 04 1141104 01114011141441), 011 ,0111111ἓἸ 111 4401414001 44001110 4041101100 1
’014400 0114 111 0014 ,11011 001041 1111110040 0144 04 40411010 011114 0 40 4411140 u 4100
0000000003 40040οΛ1 0444011 401440 111 ,10 “0410444011 0114 01044 11110 ,1101114
0111 00 0000000001115 144111 0404004000 4131400000 041 111 00044313 14011411
0000400111113 111), 411214 0411314 4441100 40110 004 404 0101εο 004 011111 1111110040
000011 00111 004 40040041 4004 Δ14400141400100 04 Δ14110 quq “04114(141100 40 000111
01401440 111). 40 110140114404110144 4011 00111 0014011440110004 0144 40 0001141111

mxvfflwmfl Ἀ Τ w.)

