1 ’0161 11¹¹ ’.1111111 ‘ss ’χ 'g ‘10A ᾝ κως ’31111 ‘ng Ἔνος ’3011 mov BAON
’1311331111 111 300110103 jo Magnos [uKoH 0111 ,10 3011111010 0111 111 0011301101)
om Α03110110 l‘! 01011 0001103110] 01 ,10110111 313 1101110301 1011 31 11 311031301 1011031011 10 1111100013 110
11011111 11111 ὁ110113011110111133 0111110 3111113011 43101101 ,101110 011103 su Hem 311 *3011100 030111 ῐ

-11100 11111 113 01113111 11011133οἾ 0111 10 311001110111 0111 10 0110 11011111 ι11311 13 W
113111101111101011111100130111113 3011111 113 31 pun · · · 111 1111111313 011133111 1113 111
0011111100 31 “03130311) 1131110111 113011)01.1011 1110111 31011113 011111 “H ·«1111«
ε11011131111101111 3011101101 0111 31111111311100 “S-HUJJV
uffiewfl ι101 ,1013111111 0111 Δ1’0110110;Ἀ”11 3111 01 ι6061 “131131111 10 11191 0111
10 ι101101 1). 111 ι1011113111 0111 31111111001100 110111301111111111100 P. 11103 11011110.10111
1101111011 111 ,1013111111 11311101181 0111 111113 ί[10011011 111 11011133οἾ 1131110113 0111
[13110111111100101110 011 111110113 1101113111101111 ι101111111 113111 ι3111011111 1131011011 ι101
11101111.113110(11131011 0111 01 1101111011 13 11103 3100110103 10 [1101003 11311011 0111
“3110111301111111111100 3111 11111101 3131111 0111 00111101 310131 1131111 11111301 01 1301101
-111 011103 10 011 01 110111003 11 “1111100 31011011111111111113 10 1101103113011111 1113
1111111 11011101) 011 111110111 11011111 31111301 0111 1110111 113131113 ς3001011111
Ῐ·110111311111113Χο 10030111 0111 10 0311130 011311101111111 0111 0110111 11011111 ς1311331111
111 3001101ος 10 ,(1010ος 11311011 0111 01 1)01).113,11.101 0110111 11011111 10 3011100
631101101 030111 313111 11 110011 10 03130 111 11001311 011 1111100 1111113 0111 3301
-11111013 113111 111113 ι[10311110 1110 0111 10 311011131113οΧ0 011103 31111111) ς01101111311511113
10 311113111οι1 011131111111311100 1111100 1105101111 0111 1110111 11011131 110011 0111311
01 111133 1111113 11131111111 13 10 110133033011 0111 10 1101313011 01111 «“11131110111103
1110 3110101311οΛ Α111011 13 1111131101103<< “1101)11οἿ 10 111111 1313111 0111 111 &Rubrum
1110 1113 11101111 3011110103 0111 111 11111130 011 113111 1301001111111111100 011 11011111
111 “H «111 (11131110111103 1131131111 up. [UOJJ 31101101 0111 ς1101111011 111 11011133
-οἾ 113111011111 0111 113 ‘3051 10 31111113 0111 111 11011111), 0110111 Ἶ<111311111
’3110111111100 11311100 0111 111111 0011313 1011 3001) 1110111
-011313 3111011111, 111111 ι113010 31 11 11011111 111031 ‘mom 31111 10 1101111011 ι1011131
01111111111101131 011 11111 1113111 P. 10 113111 1111113110113011111111 31 1111113 1110301111 0111
113111 011111 011111111101 13 1)01110113 3100113011 1111311100 111 1111111111 0011111113Χο 11111111
-13110 0111 113111 ἹεῙ 11) 001101101111 110110-01101113 3111111131111111 01 1101311 pomus}
011 11130 11113111 0111011011111111111003 1011 3001) 11 11111 “.11011)1 1011 op 1 ‘sy 1110111
-011313 31111 10 3131311 0111 11311111 «3111 110011 οΛ1311 01 11131113 001 11011111 31 11
11311111110 “1111)13 0113111011), 11111 ‘olum 13 1011 31 1111100 310110011001111113 111 111011
31 11011111 1111113 0111 113111 110111011110111 31 11 3011110113 01111110103 UO« 111011
-301110 111 0013111 0111 113 *1101011011 “3131)0 meust “ssofflg 011 1111 Rq 110111311111113Χο
11011011110111-01101113 0111 01 ί1111101) 1110111111 ἰ101011 «0110 111311 0111 313111 1111100 .
0111 111 11011301101) 1111113 0111 ι1011101111 11031113 0111311 31111101) “3·1301 01111110103
011103 10 1113110113 0111 110 ς031). 31113011 011103 opem [1011011111κοΧο 1113 110111κ1

(ἒξ DHOSNHGHAxS ΞΟ SNIVNHH 'IVLHON HHL

