J..

RECHERCHES 366 LES COULEURS 6193 1191661663 FIXES. 1

 

1 35

 

 

 

 

 

 

 

 

 

 

J N20 J ΡΙ). J Nom J α 19666 J δ 19666 J Couleur ἯΓᾛῙΕΠΓ Gffiffllteffl'! C110115s
J J J 1 1 “” ”
J J h m 1 J J
11359 1 66 4 9603396 1 96 7,7 496036 κν 4 1 7,153 753 1 93
36 1 11355 1 66 4 9603397 3 90 7,3 1 96 97 6κν 4- 316 J 3,46 J 93 1
37 J 11356 96 Vulpeculae 1 96 7,3 1 9611 , κν 6,17 6,17 1 93
J 33 ¹ 11355 30 Cygni J 9616,1 1 46 31 κν 4 494 J 569 111, 36
1 39 11396 31 Cygni ἐ 96165 1 46 96 6 4 394 5,44 ¹ 11, 30 J
J 40 11397 66 4 4609333 ¹} 9010,5 1 46 94 κν 733 733 Ἰ11, 36 J
41 1 11494 66 4 4503113 ¹ 9019,1 J 45 90 J 6κν 7,35 ¹ 7,53 , 36
¹ 49 11739 66 4 1904465 96 339 1 19 44 1 κν6 J 3,61 J 5,91 1 99 ¹
43 11743 J 0 Delphini 96 34,6 J 19 53 1 6 4 5,79 1 6,99 1 99
’ 44 1 11763 J 66 41904419 96351 13 4 6 ¹ 7,95 J 3,66 3 99 J
¹ 45 ¹ 11773 66 4 4503933 1 96 366 4519 κν 6 39 1 6,39 J 95 ¹
46 ’ 11366 1 α Cygni 96 336 44 55 κν 1,59 J 159 95 1
47 1 11331 66 4 4503959 96 46,4 ’ 45 57 ; κν6 4 ; 7,13 1 7,93 J 14 1
43 J 11346 66 4 4503953 9649 6 45 59 1 κν 4 6 96 ῖ 7,65 14 J
49 1 11363 J 66 4 4503976 96 43,3 ¹ 46 16 κν 654 6,54 J 14
56 J 11574 ¹ 66 4 4503975 96 439 ¹ 4513 6 4 6, 44 7,94 J 13 1
51 ¹ 11399 55 Cygni 96 45,5 ἰ 45 45 6κκ* 4 4,.95 55511314
59 ¹ 11934 66 4 4303769 96 51,7 1 43 95 J 6κκ 7,33 3 3,93 1 94
53 ¹ 11996 1 66 4 4903967 96 513 49 59 1 6 6,63 503 , 94
54 11999 J 66 4 4903911 96 59,6 43 9 κν 4 7,05 793 94
55 J 19666 1 66 4 4903913 96 597 49 93 κν6 4 633 7,33 94
56 19669 66 4 4303767 96 593 43 31 κν6 7,19 3,69 94 ¹
57 1 19639 66 4 4303736 96 553 43 46 6 4 6,36 ’ 500 1 94
531 19699 66 4 3304395 ¹ 96 599 ¹ 33 16 κν6 636 1 7,96 ¹ 19, 33
59 1 19693 66 4 3704159 1 96 59,4 1 37 45 6κκ 4 540 J 376 ’19, 33 ¹
66 1 19196 61 Cygni A 91 9,4 3315 6 4 5,44 ¹ 694 ’1903 41
61 1 19197 61 Cygni B 91 9,4 3316 PC — 0,09 7,74 12„3341¹
69 1 19199 J 664 3704173 91 9,6 37 33 6κκ 754 ¹ 399 19, 41
63 J 19933 1 66 4 3304469 9110,5 1 33 56 6 741 , 3, 76 1 93
64 J 19974 σ Cygni 91 13,5 ¹ 33 53 6κκ 4 456 5,10 93
65 1 19977 1 66 4 3304439 9113,7 33 47 1 6κν 4 7 94 ¹ 7 54 93
66 19973 ¹ 66 4 3904516 J 91 13,7 39 90 6κκ143,66 336 93 1
67 1 19369 ¹ 66 4 3904519 91 15,1 39 96 6κκ 4 6,.99 7, 99 93
63 19365 66 4 4903499 91 15,3 1 49 39 66 J 696 J 3 76 46
69 19366 66 4 3304445 91 15,4 ’ 33 93 κν6 4 ¹ 7 ,99 , 7, 97 ³ 93 1
76 1 19311 J 66 4, 4304345 91 166 49 5 ¹ 6κν 5,91 636 46
71 19359166 4 4303357 1 91135 J 45 53 6 539 J 717 40
79 19357 1 66 4 4303366 91 19,6 1 49 4 6κν 7,66 1 7 ,45 40
73 19413 66 4 4303999 91936 J 43 93 6κν 7 74 j 5,19 7
74 19611 66 4 3404566 9137,5 J 35 3 ¹ CR 6,13 J 5 33 36 1
75 J 13699 66 4 6109413 93191 1 6195 W 4 6, 74 J 6,39 99 1
76 1 13761 3 Andromedae 9313,1 J 45 93 66 4 ¹ 490 1 661 91 ¹
77 1 13711 1 66 4 4704167 93143 47 57 κν4 1 7,37 , 369 91
73 13713 1 11 Androniedae 93143 1 43 5 6 4 1 5,54 ¹ 6, 74 91
79 13719 1 66 4 4704114 93159 1 47 56 6 -- ¹ 6,43 J 7 ,63 91
J 50 J 13790 ¹ 66 4 6109493 93151 1 6919 66 6,69 1 5,49 99
J 51 1 13733 J 66 4 6109496 93153 69 4 6κκ 736 3,31 99
1 39 J 13734 , 66 4 6109497 9315,9 61 95 6 4 644 794 99 ¹
33 , 13746 , 66 4 6109493 93169 J 61 46 6 6,39 7,74 J 99 J

 

 

