42 OSTEN BERGSTRANQ

 

 

 

 

 

 

 

 

 

 

 

 

 

 

 

 

 

 

 

 

 

 

 

 

 

 

Table- VIII. Table IX.
[Formule (60)] [Formule (65)]
ι :kz sssst :hv ] ssp’r 3 1 -1-1) ³ ssssh ] ssb ³ ῐῑβι]
] s , ] nun. ¹ mm.
0υὲ 000 ¹¹ 100¹¹ ⁴5„ssss ; 0 000 ; 16 ⁴ 128
1 ² 023 ] 17 1 301 ¹ 1 008 Γ 17 1,36
2 k 046 ¹ 18 014 2 016 ] 18 1,44
3 069 , 19 4,37 3 024 1 19 1,52
4 ] 092 ἦ. 20 4,60 1 4 032 ] 20 1,60
5 1,15 , 21 083 j 5 , 040 11 21 1,68
6 1,.38 :³ 22 , 5,06 6 048 η] 22 1,76
7 l 1,61 23 ³ 529 7 056 ἑ] 23 1,84
8 ] 184 ], 24 i 5,52 1 8 064 ] 24 1,92
0 3 2,07 1 25 ¹ 075 ’ 9 072 ;; 25 2,00
10 ’ 030 „ 26 598 10 080 ’ 26 2,08
11 2,53 27 ¹ 021 11 χ 088 , 27 1 2,16
12 ῑ 2,76 ] 28 ³ 6,44 12 096 1] 28 2,24
13 ff 299 2 29 067 , 13 ¹ 1‚04 ¹ 29 032
14 ] 022 ] 30 090 2 14 1 1,12 30 2³0
15 . 3,45 Ι 15 , 1,20 ,1
Table X. Table XI. Table XII.
[Formule (71)] [Formule (60)] [Fomnule (65)]
’ ἲ 1
] Δ-Γτι, ssssm ¹ ssz ] 361νί ssb 1 ss W¹0 3
] ' Ἰ ΙΗῙΠ.] i
j 0 ] 000 3 0 , 0000000 ¹ ἒ 0 ἓ 0000000 1
t 100 1 003 5 0000006 5 1 0000002
200 0106 10 0000011 10 ’ 0000004
300 ¹ 009 15 0000017 15 0000006
400 012 20 0000022 20 ³ 0000008
500 ’ 015 25 0000028 25 ¹ 0000010
600 018 30 0000033 30 0000012
700 021
800 024

2 900 1 027

