[Q
[ο

f Etoile

78

}79

81

 

Σ 80 ⁴

 

DureEe
(l'exp.

3ιᾶ
100
32
10

1000
3 16
100

32
10

1000

1 316

100
32
10

316
100
32
316
100
32

 

μμ
422,ι

22,1
23,1
21,0

437,4
25]
340
32,2

345

4358
41,1
39‚3
369
409

4532
530
58,2

4218
21,6
21,2

 

lun]
0‚11
09
06
05

0,16
14
12
10
06

0,14
10
07
05

0‚13
07

0,16

10’

06

οΞΤΕΝ ΒΕΒΘΞΤΒΑΝΒ,

’ Etoile

 

 

 

82

83

84]

85

86

 

Duree
d'exp.

313
100
32
10

316
100
32
10

316
100
32

1000
316
100

32

316
100
32
10

 

 

D

mm
0‚16
10
06

0,15
10
06

012
06

0,14
11
08
05

023

 

 

Etoile

87

88

89

90

91

 

1311Γέ6
d'exp.

s
60

600
190
60

60

1000
340
100

1000
316
100

32

1000
316
100

32
10

 

 

μμ
414,5

449,4
53,7
52,5

4368

1666

65,ss
643

449,8
50,4
52,3
55,9

443,6
46,2
483
49,0
48,6

 

6ΓόΠὸ

09
08
05

0,12

0,15
13
09

0‚17
15
12
07

(124
21
16
13

(10)

 

