 

 

 

 

 

 

 

 

 

 

 

 

 

 

 

 

 

 

 

 

12 OSTEN BERGSTRAND,
Et. 01. Exp. s D Et. Cl. Exp. D Et. Clst' Exp, ι D
R R 8 R s R R
16 15 1000 1,806 0,41 , 32 316 1,766 0R30 , Ὶ23 10 1‚81310‚15
» 100 794 24 2 » 100 765 10 ἱ ’ » » 803 -
» ⁴ 32 ι 708 16 » 806 —
» 800 17 28 32 1000 1‚826 0,34
» 10 806 10 » 316 831 27 35 23 1000 1,602 040
» 316 680 30
17 34 1000 1,717 O‚41 29 35 1000 1,733 0,47 100 666 24
»> 316 721 32 » 316 721 40 32 ’666 21
» 100 707 27 » 100 711 31 » 660 -
> 32 723 20 32 606 26 10 667 —
>› » 710 19 >2 693 26· » 681 —
» 10 712 11 10 705 17 676 -
f » » 720 13 2> 670 18
681 19 36 23 1000 1,700 0‚35
18 34 1000 1,778 0,40 » 316 606 28
» 316 776 36 30 36 1000 1,761 040 100 687 22
» 100 770 26 >2 316 778 33 32 686 20
100 7150 26 > » 673 -
10 8 60 1,752 0,26 32 776 10 » 10 680 -
0 1000 830 42 767 17 » » 704 —
» 100 772 27 10 762 12 ff> 691 —
10 316 822 40 » 762 13
» 32 785 26 37 23 1000 1,705 046
31 35 1000 1‚830 0,46 » 316 705 37
20 8 60 1,676 0,22 » 316 824 37 » 100 706 32
9 1000 715 36 100 823 20 32 706 27
100 708 23 32 811 23 » 684 20
10 316 768 36 » 823 22 10 681 21
›> 32 680 — 10 821 (12) » 677 19
» 820 (14) 688 21]
21 40 1000 1,746 0,30 1
» 316 703 20 32 36 1000 1,814 0,37 38 11 80 1,726 0,33
» 100 707 23 36 1000 738 59
22 40 1000 1,806 0,24 > 32 807 — » 316 726 66
100 724 46
23 40 1000 1,822 0,16 33 23 1000 1,720 0,40 32 710 36
›> 316 758 12 » 316 722 42 » 713 33
» 100 717 34 10 718 29
24 32 1000 1,680 0,43 32 726 30 » 711 29
» 316 681 38 » >> 721 31
» 100 673 - » 10 700 22 30 11 80 1,767 033
x 715 22 36 1000 771 66
26 32 1000 1,788 0,30 710 - 316 746 63
316 782 24 100 763 42ι
34 23 1000 1,704 0‚38 32 746 34
26 32 1000 1,726 0‚40 » 316 786 31 » 746 31
» 316 723 32 100 812 26 10 761 27
32 812 10 » 746 26
>27 32 1000 1,772 0,37 » 813 —

 

