40 F. ᾸΚΕΒΒΕΟΜ,

11111111 005 61 Ο.83; (1116111 616 (1116611611 (111 vent, 6116 61161111 611 maxi-
mum 203 61 5⁰.0 respectivement. Afin (16 (161161111161 61116111 (1116 1166-
611116 166 1761611116 6616111666 V 61 α (16 161116 ν611611611 611116 (1116 66116
611116 61166, au 6611111166661116111 61 6 16 1111 (111 jour (7 h.)7 166 66111116-
6611166 Vcoscz 61 Vsin α, 611 appliquant aux valeurs (16 666 66111116-
santes pour 166 (111161611166 11611166 (166 661166116116 (1611111166, par 111161-
1161611611ἢ (16 16 (11116161166 6 6111111161. 0661 6 1”61(16 (166 661111166611166
6611111666 (16 16 66116 (1116 ]’61 66161116 166 116161116 figurant aux 1616. 23
-26, En 6616111661 166 17616616 1116)]6111166 pour chaque zone 116161116111(1116
(161111666 66116 16 rubrique Moy„ J'ai 11111166 661166 (16 666 661111166611166 (1111
66 1611116116111 6 1611166 166 11616 11611166, 6611 9 h„ 12 h.7 1511, 616. Les
valeurs (111 tab. 27, 6Χ661)16 661166 (161111666 66116 16 rubrique szplzsst‘zcde,
lesquelles 66111 (16(1111166 (166 6111166 1761611116 (111 11161116161116611,111(11(1116111
166 (111161611666 (1116 1116661116111 611116 61166 166 1161611116 6611661161111611166
(166 161). 25 61 26.

Tab. 23.Ῑῆ111111-1011 diurne de la vitesse (Ῑῑι vens (m Parc St-Mazrr (Ecleelle 0—9).

τυ 9¹1 12ἢ 1511 1511 21ὶὶ 2412 111 :3³1 411 uh τυ Moy.
Hiver
H l.35 133 1.50 1.46 127 130 1,48 1.47 1138 133 l. 39 135 1. 38
Β 1.78 1.81 206 196 1,78 1,75 182 185 2178 1.75 172 178 1..83
H † B l.57 158 179 173 154 1.53 1.64 161 ἰ1.56 1.54 1.55 157 161
H 1..03 1:24 1.5ss 1.55 1.37 091}lt 1.10 1.11 10, 94 0 86 096 1.03 1:20
} 123 ’1.57 185 ,1.71 1.27 097 1.Ο7 1.11 1109 108 1.14 123 1:3⁴2
111 Β 1.13 1.41 170 1.(13 131 096 108 1.11 ι’ 102 O 97 105 1.13 126
Hiver «1- Et&
H 1.19 ’1.27 1.52 149 1.30 1.1’3 128 129 2116 109 118 1,19 1.-
B 1 51 1.69 196 183 152 1.37 1,45 149 2144 1.42 1.44 1.5l 158
H † b* 1¹6 1.49 1.75 1.67 142 125 137 139 171. 31 1.27 15'1 136 1

Tab. (94. V (ιτ-17111611 dimne de Za mffesse du 66111 ιὶ [α Tom‘ Ese'ffcz (mitres par see.)
Th 911 1211 1511 1511 211] ‘21¹¹ 311 4311 Th Moy·

Hiver
H 1077 1039 005 857 1011 11.01 1052 1073 1063 1077 1015
Β 1260 1274 1125 11.77 1298 1370 1308 1250 1255 1260 1257
Η ÷ Β 11.71 11.60 ’1020 1022 11.7l 1239 1185 1163 1162 11.71 11.40

Η 059 5.46 046 076 71312 9.Οὸ 017 8,ὃὸ 758 059 7.55
Β 7.79 739 867 875 838 051 1026 991 899 7.79 896
H 1 Β 7,18 044 7,(50 7.77 784 926 072 029 828 7,18 826

Η1ν61· ÷ Et&
11 873 800 780 7169 884 ,999 081 067 011 S 73 886
B 1027 1016 1001 10:25 1067 11,61 1164 1122 1082 1027 1079
H ÷ 1), 051 911 894 002 079 1082 1075 1072 099 051 086

