 

 

 

14 OSTEN BERGSTRAND,

 

 

 

 

 

 

 

 

 

 

 

 

v1³11 ¹1:1¹ Exp. ἵ s D ;5Et·{[³¹· Exp. s D 1431, 01. Exp. s D
8 R R s R 3 R R
’01119 190 1,818 0 911 ’ 98 10 1089 - 75 39 310 1,073 0,11
133 310 800 30 11, x> 078 — ‚ » 100 081 31
>³v 32) 810 10 1· >> 683 d 32 660 ⁸324,
¹41 1000 780 30 R
5 310 797 98 08 10 1000 1,899 0,97 70 91 1000 1,810 030
33 811 (10) 310 810 (19) 5> 310 819 31
» 780 >> 100 815 — 100 803 38
39 305 31
0919 190 1,730 090 09 98 1000 1,790 - 899 99
’111 1000 739 35 » 310 791 ἠ 10 890 14
310 790 90 100 733 - s 309 18
2 100 718 19 39 790 - 807 10
39 739 (10) >5 730 - Η
>5 791 (11) 177 91 1000 1‚705 0‚35
70 10 1000 ¹ 1,715 0,11 ¹ » 310 701 99
03 98 1000 1,791 030 310 ’ 798 33 » 100 701 17
» 310 790 98 100 711 97 » 39 700 19
100 799 (19) >5 33 007 99 709 13
1, 33 800 4 >5 » 088 23 » 10 699 09
» » SO‘) — 5> 10 690 IS » » 695 -·
5 >› 099 18 » 701 -
01 98 1000 1707 0‚50
310 098 10 71 10 1000 1,780 0,17 78 91 1000 1,700 033
1 100 703 38 310 781 37 » 310 759 99
1 2 33 ‹579 33 s ¹ 100 780 39 » 100 753 35
078 33 39 795 91 » 39 713 19
10 070 37 >> 1 785 ,⁶25 » :02 745 19
071 97 10 807 - ¹ 10 750 11
678 ⁶25 >³ » 799 - 11 >> 763 14
1 1 713 13
0151981 1000 1,709 033 79 101 1000 1,799 010
= »1 310 097 98 » 310 715 37 179 91 1000 1,709 0,99
100 799 93 » 100 730 33 11 310 781 97
39 3 713 10 » 39 701 90 » 100 773 91
» 715 15 718 97 1 39 700 14
10 099 09 ›> 10 799 - 1 7071 15
» 703 11 1 >› 1 >> 796 - 10 784 11
Ἴ ⁴] ἵ 1 ¹ 5, >> 78⁶2 ’-
Δ00 981 1000 1715 0,39 ’731 7 1000 1091 0,37 ¹ 1 » 773 10
¹ , 310 718 90 1 ’ 310 790 37
» 100 715 19 «1 100 700 99 80 99, 310 1830 096
39 718 — 710 — 5 100 839 15
791 — 5> 33 097 - >5 1 39 350. —
10 697 — » >> 710 - 5 1
( 1 181 99ῑ 310 1915 0‚33
’07 98ζ 1000 1‚703 013 71 30 310 ¹ 1,377 030 5> 1 100 709 90
310 090 37 1 1 100 889 15 » ¹ 33 700 13
100 709 30 ¹ >5 39 879 10 ¹ ³
39 089 93

 

 

 

 

 

 

 

 

