 

 

 

 

 

 

 

 

 

RECHERCHES SUR LES COULEURS DES ETOILES FIXES. 13
1«ἒι.;01.ἶ Exp. s D fsst (ll-3 Exp. s , D ¹131. 612 Exp. s D
s R 1 s R R s R R
40.11 30 1,676 0,22 5 14ἱ 316 1,725 0‚30 54124 1000 1,703 0‚40
36 1000 689 45 3 100 794 93 1 » 316 692 33
» 316 1 633 41 ξ 32 709 16 1 100 689 27
> ⁴ 100 680 31 1 » » 716 13 32 672 22
» 32 671 23 2 ›> 10 = 703 11 1 2> 683 21·
» 661 19 = , » 709 12 10 666 -
10 663 13 3 1 » 683 -
» 669 14 49 14 1000 1,763 0,33 675 12
653 14 » 316 733 32
¹ » 100 723 25 55ἷ24 316 1,793 029
41 36 1000 1,705 0,54 » ‘ 32 707 17 32 1790 —
» 316 686 49 ¹ » » 695 19 ¹
» 100 6311 33 , » 10 706 13 56 24 1000 1 777 0,33
›> 32 630 j 22 » 705 14 316 792 33
» » 634 k 19 100 794 25
» 10 661 13 50 13 1000 1,327 0,33 32 793 -
» » 679 — » 316 894 27 » » 797 —
» 655 - 100 819 19
39 335 - 57 94 1000 1,787 0,33
49 22 1000 1,713 0,33 >> 327 - ›> 316 732 33
» 150 730 13 » 100 790 25
51 13 1000 1,753 0,45 χ> 32 303 -
43 22 1000 1,315 0,33 » 316 797 33 › 736 -
» 150 313 16 » 100 721 34
> 32 700 23 53 12 120 1785 0,31
44 22 1000 1‚890 032 » » 713 23 33 316 774 (44)
» 150 313 - » 10 692 22 32 764 —
>> ²> 700 21 » » 770 -
45 25 1000 1,636 0,41 , ¹ » 696 22 » 23 764 —-
» 316 679 36 14 1000 738 48 Ἴ
» 100 632 31 , » , 316 729 44 59 12 120 1,663 0,274
> 32 676 22 » ’ 100 713 34 33 316 672 (33)ζ
» » 677 25 > 32 700 25 » 32 674 —
» 10 671 16 » » 700 26 2 » 677 —
» » 679 16 » 10 703 22
» 3 652 - » 633 22 60 12 120 1,306 0,31
33 316 777 39
46 25 100 1,730 0357 59 94 1000 1,791 0,35 » 32 763 16
» 32 706 48 » 316 720 23 » 790 14
» » 737 43 » 100 706 13 > 23 793 14
» 10 719 38 » 32 715 — » 10 731 -
» » 730 35 » 7⁶28 — » » 805 —
» 3 697 97 41 1000 762 41,
53 24 1000 1,313 0,33 » 316 760 35,
47 14 1000 1,766 0392, » 316 831 23 100 779 31
›> 316 771 98 ⁵ » 100 2 890 18 32 1 734 91
100 776 18 1 » 39 893 — ³ 10 j 739 (17η
1 » » ὲ 313 — » 790 (17)
43 14 1000 1,747 0,35 ἶ f

 

 

 

 

 

 

 

 

 

 

 

 

